$ANSIBLE_VAULT;1.1;AES256
32626664376139616534613137633139376636366465313061346235376537303233393232363036
3665656630666237653263386534653332323735666266620a613064316338613765393865666633
38343164636462373634653361353638613132643266313863656436346132326430326539613564
3432333933653863370a396366356561343634363338303165633237666634353432663263373466
38323630373130653565396633643235613565383563363931616334383362333135333136613163
61353963386332626263666166303561613033346136393464623133646364643963353137643133
35396339336162366434653163636235343934306134663138383665386133333835623636356531
65636666623536356231613261356531653038356130353533666263303665623733343937353833
66663335666137383039353162343933616237623366346532313866616163373233666130663666
63376137396638666364393466313533346431333732343064393238666333336534343264373234
62303535343365396337623431643034636663336563616364383865656133666364393831336430
34393565383464393738396330306338346161333163386639626363313864643863393966303837
34623365353332396438376466376332303338333365656561646562303136636639656536643566
63336135663365626462323632666633373366666330616263633938643465656165656534643930
61343133646561326336636536313734646432373662366265343363613736303138623939663433
66343738653762316662383763373832316463623933646434386162343833393261636162656636
32333366613234333137386236356139383738323935373961306634383238643566363838343731
62376336643531353437383064343566653830356637323635366334386331633734376365313637
34623432376165336131383264626562376534303036396537663161313036333030333834623162
31623730353131643734346136336530356634376161663766336333653534376662626237306532
64376438626639316230656362323531643036636331393863663365313733613566396665626534
63333539393762393166376431313661393065343232643834663135653963656136323464653063
63383463323739343336633930313637653665323238643738633161613034363238626264363861
36303735393137373538623235636162343163653733623761353163616632666536303030623265
38623333343639376335656164643065316335353133623535653966343031623061386261313361
38303265376538313765326437666132313230303939396161613537663330313432373962303137
31326533323432373364333032393336646265353333396334303066363435616230376164613539
38313231373933353562393937643534646262626232326130366430666439653865363439393738
64666661633432363135623935643465643036313339363637326437356265393561396336373364
65653862373062373431636238326230663934363639363833353666636332663639653765383436
30383331633931336536643034326263313764346462353265626137346232373565643136663165
39386435636536383937373961306464333838393161653665643036623861383633356132343265
33646165333833663161373261326366393936633863333463343837336133653638636337663238
65373063613033623133366561386533653138393265313461333735616533616361333933353363
36336136336565613635323964396131303662383261613063333531616335383264316362373835
33653238383666386634363663386262306661326665323932323731633035393464666339356264
65616637343237666437313731623862643138623834663539396238643636656433396631396130
66643362353832646664316364666530313430336531613466623437646533656338306136303462
32356161306162656261616132373265343435326262663136643336313235313031616366393637
38346633666162623830376261326637306432653664393763353534326231393439623231316239
35326261616665303266373561643336373434653130653033663037663732316564326639326464
39626263313736363634353665353231393637393365346232316564363532356538643034386535
32346635313664666237633732326463363731396439326238366662363930353936386665313432
30666434363438363065396237313434373830616438613564343762373534613761396630313438
65643361373135386162366232616237323961653134386531626362383534663530656366323065
35303034646166633537333566616231666434306466303664323934363436356465313731306363
30323965656339366234373263343237376262646630393861613330393436373232646339366437
34396661316262353235343962326564653234613134336638626637306563343866373637613564
64653762666230303964333364383435353666626334306637303536313863633634646638346230
34616332623034303639656333336238656533613064373164323566613239303739653138343536
37393765623563326332633132333833336332366661353032333831643238373765356535663436
30346164363839653935646231356638373966626336646339316539316363653336366330326461
36343966373763646566373966663739643235623638313031363661313936626366323761643132
39313061333838323066336265636663393765373862316564636161323238336330623239613034
37633231356632333663336138356464666637356633623038623739623039633334353966353563
33623338623262313831643162313261363565313566393730353561306238626138316331663064
30623464326536626664366564643965323732646530383631316565636431656533633466626361
61313332353562363635613433363332303461663038346339653030636230323963633264633339
33666663373338623166316563376234383933666666336333646338393737646631623266373734
65316663356664333035646561613765636437666433633830316564313164633132383132346465
36363262353631653934373739616231623566663963346465373263386432323361616237396438
65643434373437383862363966323034333439663563646661633534306538343636666436303637
30303139336363316130316536383434336236393363623934366135636639323836343532646162
64343862623038316330626231323136306130356135336565623063396463643536653065316334
36643232353939636462333330303861353836323733613738663834613731373531663935313461
34346238363439303131643135633934323665663935376262636639646535383466623434393635
33313737353632356532363430633433663561626564366231386434643565326539303837623864
65623332346436613765643136663266633663356534613039336465343761383630346538356465
30383762336634613964386662306662313634656566653437353432613564323833393866346432
37636333653430623962326136646237366536376665373766353739313962303565623435353961
37613363616530636236313161393135353737363438343430613637306338666536393338396566
34383464366261633464373561396361653965336633393635666165303335343464663136336666
36643936646637333336663930396463666464313564333738656639376462316238393165613937
30373635366531623038623739616630383362366335613330366162633330313832373239613661
39663361656665656438633464353433653665316637306335663535383239623462373433383336
61636361386466646662316464356530346633333434663261653736646138346237626364383639
66643665326135336638646166323738333734316136333638646430393565653333303066633465
63656566653133373533626538356363353437353263393737363963313333306134353537313764
30303139366564353265306631636562646163313931353762373066333130643433376132613738
65336336353363336437336131353436623038663631353634316238323432643437356430386336
62626366323761396438396463636537313437333861663461373234366233313431396234633466
64623439376564336461393562393536636363633931333138386463333137366662626437313530
33316461316233346563616438633362396232303636353064653836643132343734643763356334
38333230626532643136343464363461643665393435653461386362383135386363306234613434
34613161326665313865616430613237633666306566333135323430343761376233346531376432
39363933373236313133323934366264303362343864333233633236633838616132636239363034
66343934393735363538656561356539303137343063363433363037623937313931366337663065
65333034346633376530613335653730306430333963313032306565326236656266656639363735
63346665373663653538386562376632643637303166383936613432653566316135366338333139
63346164643432303361373236376135633462376639666562633361353634326633666665613438
36383665383539306430316439363634326438336130373836626330393236373739393934656166
63656231653134656332363463666466396562346639323035386137386339323062613632653332
64303037363461343664623531313762396233636237393033616661306562316230396161656665
33313164356138623266613266393030623964643033386439326637313037373734646466333237
32353663613235633939613636353263656265623639646436646264636337376435323036383130
64316636373433653530313333653965323036643464343235306165656633613462613839383034
38396337616236396131646433343164343237633765623864643565343964373933643864303331
64383961333034373361623865663437313839623636383139623736336630303961303664323832
33303030323332313933623936326661343563356332376463393935623961303339623831353132
63346530316339343561373637383039643432636634366339633134626638653930616136323065
62396139623434646266316562656236636633643637306133363638663835363662336263353236
63633763663562393962313831306332666465316337643765353836643332643337373365643834
36333233396563373763393262666233343231663030393463333732373861396632613330373466
32363463353436316535336236353232623839303136363836376164326635346139623966373663
36656461366231336165373531333935326266343465623164343962303638326566316235623234
66383962656566343962396163633038353666656530366433666437373236663462643164393662
66366236643236316538373535653931373265386531323837326364626537336464663235613832
38306666336261663831643561626538396531313431346234356237636235393266623234313965
38623861316466373164353465333063393761656430363861323534323261306634386339393565
65313032306634366333353765396430613435326339316661323865636464393038323539333133
30383139396236613665633262383263323165353632383036383939373430616434393537616665
63663464353263343232323561636637356530623230366132363664616537616163303062383236
32626132353136363431393936303337616337313565626635303036656139366237363466393738
31373835623764323466353230363436353664326164393965663730303261353161323832366366
64646430316434653531316361656132303463663032383931623035363064336233363435303965
63353333656338316438353935363235336364396539396262333434326665346638326263356463
34316161626236323132363261663139316535666265386433366163646664633565623663353836
31383664393239313136396165656339396330353165633264353762376238663332333961613636
36366533616531613566376161383637366365643630653439373361356465616461613134663837
39343532386135663136343831396436623462373033666464616630666231353462663030383339
32316166383437633638313530303834613837343837343064616164653430666230663565323061
30613530346662383436636133666364326638613732323037616635613436653833666362333634
64633665373030343562653332623831626231653830373665646566366330613338333437316433
62656463356132396366303365383664623563356363613937666262656538343336633531313666
38643230656465373238393033306133323162356264616136383538666465366338633935363662
36353165373663343062626562343564366330363131623765643833656335323262613834663734
65366563373534643034616539653665643230353938666136616664326464333266313937313132
32663163323261373262323066306464386332336333623462376330343563306161346634353830
37373561306438366163623865333837636162346566323438313464386465386564343932373665
36663137356337313061343162303836363232356633336134323030303562613439346232383731
61636531346263383561653762373832663131646434643130646133343531623638393639613736
61316162613932623236323639306234356530396461303665363731643564656136323339316465
63383834616634363562393230663763373065643864353661363334386633313563633962306433
3265356162393763393833316237613434313331666465616530
